{"producer":{"name":"Blender","version":"2.92.0","exporter_version":"2.80.1","file":"Mouse.babylon"},
"autoClear":true,"clearColor":[0.0509,0.0509,0.0509],"gravity":[0,-9.81,0],
"materials":[{"name":"Material","id":"Material","customType":"BABYLON.PBRMaterial","backFaceCulling":true,"checkReadyOnlyOnce":false,"maxSimultaneousLights":4,"environmentIntensity":1,"albedo":[0.8,0.8,0.8],"reflectivity":[0.5,0.5,0.5],"roughness":0.4,"alpha":1,"transparencyMode":0,"alphaCutOff":0.4,"metallic":0}],
"multiMaterials":[],
"skeletons":[{"name":"Mouse","id":0,"dimensionsAtRest":[121.4375,166.3722,30.4481],"bones":[
{"name":"mixamorig:Hips","index":0,"matrix":[1,0.0001,0,0,-0.0001,1,0,0,0,0,-1,0,-0.0021,34.7611,0.4115,1],"rest":[1,0,0,0,0,1,0,0,0,0,-1,0,0,35.0699,0.0295,1],"parentBoneIndex":-1,"length":9.5582
,"animation":{"dataType":3,"framePerSecond":30,"keys":[
{"frame":1,"values":[1,0.0001,0,0,-0.0001,1,0,0,0,0,-1,0,-0.0021,34.7611,0.4115,1]},
{"frame":2,"values":[1,0.0001,0,0,-0.0001,1,0,0,0,0,-1,0,-0.0021,34.7611,0.4115,1]},
{"frame":11,"values":[0.9987,0.0508,-0.009,0,-0.0512,0.9974,-0.0504,0,-0.0065,-0.0508,-0.9987,0,0.5649,33.5891,-0.051,1]},
{"frame":12,"values":[0.9986,0.0533,-0.0041,0,-0.0535,0.9957,-0.0762,0,0,-0.0763,-0.9971,0,0.6025,33.5821,-2.2977,1]},
{"frame":13,"values":[0.9989,0.0476,-0.0014,0,-0.0475,0.9942,-0.0965,0,0.0032,-0.0965,-0.9953,0,0.673,33.312,-4.5037,1]},
{"frame":14,"values":[0.9995,0.032,-0.0013,0,-0.0319,0.9933,-0.1107,0,0.0022,-0.1107,-0.9939,0,0.7894,32.7134,-6.665,1]},
{"frame":15,"values":[0.9999,0.0102,-0.0059,0,-0.0108,0.9927,-0.1202,0,-0.0046,-0.1203,-0.9927,0,0.9585,31.7398,-8.7721,1]},
{"frame":16,"values":[0.9998,-0.0112,-0.0167,0,0.009,0.9918,-0.1276,0,-0.018,-0.1274,-0.9917,0,1.1734,30.6688,-10.8398,1]},
{"frame":17,"values":[0.9991,-0.0247,-0.0343,0,0.0199,0.991,-0.1325,0,-0.0372,-0.1317,-0.9906,0,1.4033,29.7404,-12.8874,1]},
{"frame":18,"values":[0.9981,-0.0266,-0.0561,0,0.0191,0.9913,-0.1301,0,-0.059,-0.1287,-0.9899,0,1.6161,29.172,-14.9815,1]},
{"frame":19,"values":[0.9968,-0.0183,-0.0774,0,0.0093,0.9933,-0.1149,0,-0.0789,-0.1139,-0.9904,0,1.8552,28.8587,-17.2821,1]},
{"frame":20,"values":[0.9957,-0.002,-0.0924,0,-0.0061,0.9962,-0.0871,0,-0.0922,-0.0873,-0.9919,0,2.1576,28.6048,-19.6446,1]},
{"frame":21,"values":[0.9951,0.0176,-0.0975,0,-0.0229,0.9983,-0.0538,0,-0.0964,-0.0558,-0.9938,0,2.4569,28.4993,-21.8068,1]},
{"frame":22,"values":[0.995,0.0318,-0.0945,0,-0.0343,0.9991,-0.0249,0,-0.0936,-0.028,-0.9952,0,2.788,28.8327,-23.9226,1]},
{"frame":23,"values":[0.9955,0.0333,-0.0886,0,-0.034,0.9994,-0.0059,0,-0.0884,-0.0089,-0.996,0,3.1096,29.6759,-26.1351,1]},
{"frame":24,"values":[0.9963,0.0225,-0.0831,0,-0.0222,0.9997,0.0042,0,-0.0832,0.0023,-0.9965,0,3.4163,30.7798,-28.4327,1]},
{"frame":25,"values":[0.997,0.0062,-0.0766,0,-0.0055,0.9999,0.0088,0,-0.0767,0.0083,-0.997,0,3.6896,31.8556,-30.6683,1]},
{"frame":26,"values":[0.9975,-0.0092,-0.0698,0,0.0099,0.9999,0.0093,0,-0.0697,0.01,-0.9975,0,3.8956,32.7475,-32.8143,1]},
{"frame":27,"values":[0.9974,-0.0211,-0.0686,0,0.0214,0.9998,0.0042,0,-0.0685,0.0056,-0.9976,0,4.0423,33.3866,-34.9372,1]},
{"frame":28,"values":[0.9966,-0.0285,-0.0776,0,0.028,0.9996,-0.0076,0,-0.0778,-0.0054,-0.997,0,4.1464,33.7311,-37.0695,1]},
{"frame":29,"values":[0.9953,-0.0281,-0.093,0,0.026,0.9994,-0.0229,0,-0.0936,-0.0204,-0.9954,0,4.2045,33.7059,-39.2042,1]},
{"frame":30,"values":[0.9943,-0.0157,-0.1053,0,0.012,0.9993,-0.0359,0,-0.1057,-0.0344,-0.9938,0,4.2049,33.2493,-41.3106,1]},
{"frame":31,"values":[0.9941,0.0084,-0.1079,0,-0.013,0.9991,-0.0415,0,-0.1075,-0.0427,-0.9933,0,4.1416,32.3633,-43.3661,1]},
{"frame":32,"values":[0.994,0.038,-0.1026,0,-0.0423,0.9983,-0.0396,0,-0.101,-0.0437,-0.9939,0,3.9977,31.1823,-45.4082,1]},
{"frame":33,"values":[0.9937,0.0603,-0.0949,0,-0.0639,0.9974,-0.0347,0,-0.0925,-0.0406,-0.9949,0,3.806,29.9483,-47.4577,1]},
{"frame":34,"values":[0.994,0.0666,-0.087,0,-0.0695,0.9971,-0.031,0,-0.0847,-0.0369,-0.9957,0,3.6198,28.9278,-49.4189,1]},
{"frame":35,"values":[0.9953,0.059,-0.0769,0,-0.0613,0.9978,-0.0269,0,-0.0751,-0.0314,-0.9967,0,3.3679,28.3423,-51.3934,1]},
{"frame":36,"values":[0.9969,0.0465,-0.0629,0,-0.0476,0.9987,-0.0172,0,-0.0621,-0.0202,-0.9979,0,3.1575,28.0699,-53.6286,1]},
{"frame":37,"values":[0.9982,0.0319,-0.0516,0,-0.0319,0.9995,-0.0005,0,-0.0516,-0.0022,-0.9987,0,2.9256,28.0249,-56.0711,1]},
{"frame":38,"values":[0.9987,0.0183,-0.047,0,-0.0175,0.9997,0.018,0,-0.0473,0.0171,-0.9987,0,2.6506,28.0384,-58.2266,1]},
{"frame":39,"values":[0.9986,0.0085,-0.052,0,-0.0069,0.9995,0.0298,0,-0.0523,0.0294,-0.9982,0,2.3654,28.3865,-60.2804,1]},
{"frame":40,"values":[0.9984,0.0051,-0.0563,0,-0.0034,0.9995,0.0307,0,-0.0565,0.0305,-0.9979,0,2.0504,29.122,-62.4395,1]},
{"frame":41,"values":[0.9988,0.0089,-0.0486,0,-0.0078,0.9997,0.0233,0,-0.0487,0.0229,-0.9985,0,1.7111,30.0588,-64.6456,1]},
{"frame":42,"values":[0.9994,0.0178,-0.03,0,-0.0174,0.9998,0.013,0,-0.0302,0.0125,-0.9995,0,1.3903,31.0396,-66.7997,1]},
{"frame":43,"values":[0.9995,0.0289,-0.0113,0,-0.0289,0.9996,0.0022,0,-0.0114,0.0018,-0.9999,0,1.1315,31.9481,-68.9258,1]},
{"frame":44,"values":[0.9992,0.0396,-0.0019,0,-0.0396,0.9992,-0.0111,0,-0.0014,-0.0111,-0.9999,0,0.9238,32.703,-71.067,1]},
{"frame":45,"values":[0.9989,0.0476,-0.0025,0,-0.0476,0.9985,-0.0286,0,-0.0012,-0.0287,-0.9996,0,0.7378,33.2629,-73.2107,1]},
{"frame":46,"values":[0.9987,0.0508,-0.009,0,-0.0512,0.9974,-0.0504,0,-0.0065,-0.0508,-0.9987,0,0.5649,33.5891,-75.3337,1]}],"loopBehavior":1,"name":"anim","property":"_matrix"}},
{"name":"mixamorig:Spine","index":1,"matrix":[1,-0.0001,0,0,0.0001,0.9998,0.0183,0,0,-0.0183,0.9998,0,0,6.8761,0.1257,1],"rest":[1,0,0,0,0,0.9998,0.0183,0,0,-0.0183,0.9998,0,0,6.8761,0.1257,1],"parentBoneIndex":0,"length":8.0234
,"animation":{"dataType":3,"framePerSecond":30,"keys":[
{"frame":1,"values":[1,-0.0001,0,0,0.0001,0.9998,0.0183,0,0,-0.0183,0.9998,0,0,6.8761,0.1257,1]},
{"frame":2,"values":[1,-0.0001,0,0,0.0001,0.9998,0.0183,0,0,-0.0183,0.9998,0,0,6.8761,0.1257,1]},
{"frame":11,"values":[0.9994,0.0154,-0.0297,0,-0.0117,0.9926,0.1211,0,0.0314,-0.1207,0.9922,0,0,6.8761,0.1257,1]},
{"frame":12,"values":[0.9993,0.0066,-0.0375,0,-0.0023,0.9936,0.1128,0,0.038,-0.1126,0.9929,0,0,6.8761,0.1257,1]},
{"frame":13,"values":[0.999,0.0028,-0.044,0,0.002,0.9941,0.1081,0,0.044,-0.108,0.9932,0,0,6.8761,0.1257,1]},
{"frame":14,"values":[0.9987,0.0057,-0.0499,0,-0.0005,0.9945,0.1049,0,0.0502,-0.1047,0.9932,0,0,6.8761,0.1257,1]},
{"frame":15,"values":[0.9983,0.0127,-0.057,0,-0.0069,0.9949,0.1006,0,0.058,-0.1,0.9933,0,0,6.8761,0.1257,1]},
{"frame":16,"values":[0.9976,0.018,-0.0662,0,-0.0118,0.9955,0.0938,0,0.0675,-0.0928,0.9934,0,0,6.8761,0.1257,1]},
{"frame":17,"values":[0.997,0.0145,-0.0766,0,-0.0079,0.9963,0.0856,0,0.0775,-0.0848,0.9934,0,0,6.8761,0.1257,1]},
{"frame":18,"values":[0.9964,-0.0008,-0.0851,0,0.0076,0.9968,0.0793,0,0.0848,-0.0796,0.9932,0,0,6.8761,0.1257,1]},
{"frame":19,"values":[0.9957,-0.0232,-0.0893,0,0.0302,0.9965,0.0777,0,0.0872,-0.08,0.993,0,0,6.8761,0.1257,1]},
{"frame":20,"values":[0.995,-0.0457,-0.0884,0,0.053,0.9952,0.082,0,0.0842,-0.0863,0.9927,0,0,6.8761,0.1257,1]},
{"frame":21,"values":[0.9947,-0.0622,-0.082,0,0.0697,0.9934,0.0913,0,0.0758,-0.0965,0.9924,0,0,6.8761,0.1257,1]},
{"frame":22,"values":[0.9952,-0.0684,-0.0707,0,0.0754,0.9919,0.1027,0,0.0631,-0.1075,0.9922,0,0,6.8761,0.1257,1]},
{"frame":23,"values":[0.9964,-0.0628,-0.0562,0,0.0688,0.9911,0.1135,0,0.0486,-0.117,0.9919,0,0,6.8761,0.1257,1]},
{"frame":24,"values":[0.9979,-0.0496,-0.0413,0,0.0543,0.991,0.1226,0,0.0348,-0.1246,0.9916,0,0,6.8761,0.1257,1]},
{"frame":25,"values":[0.999,-0.0354,-0.0267,0,0.0386,0.9908,0.1301,0,0.0219,-0.131,0.9911,0,0,6.8761,0.1257,1]},
{"frame":26,"values":[0.9996,-0.0241,-0.0129,0,0.0256,0.9904,0.136,0,0.0095,-0.1363,0.9906,0,0,6.8761,0.1257,1]},
{"frame":27,"values":[0.9999,-0.0156,-0.0013,0,0.0156,0.9901,0.1397,0,-0.0009,-0.1397,0.9902,0,0,6.8761,0.1257,1]},
{"frame":28,"values":[0.9999,-0.0097,0.0069,0,0.0087,0.9901,0.1403,0,-0.0082,-0.1402,0.9901,0,0,6.8761,0.1257,1]},
{"frame":29,"values":[0.9999,-0.0095,0.0127,0,0.0077,0.9904,0.138,0,-0.0139,-0.1379,0.9903,0,0,6.8761,0.1257,1]},
{"frame":30,"values":[0.9997,-0.0182,0.0184,0,0.0156,0.9908,0.1343,0,-0.0207,-0.134,0.9908,0,0,6.8761,0.1257,1]},
{"frame":31,"values":[0.9991,-0.0343,0.026,0,0.0307,0.9909,0.1308,0,-0.0302,-0.1299,0.9911,0,0,6.8761,0.1257,1]},
{"frame":32,"values":[0.998,-0.0519,0.0349,0,0.0471,0.9906,0.1287,0,-0.0412,-0.1268,0.9911,0,0,6.8761,0.1257,1]},
{"frame":33,"values":[0.9972,-0.0604,0.0442,0,0.0543,0.9902,0.1283,0,-0.0515,-0.1255,0.9908,0,0,6.8761,0.1257,1]},
{"frame":34,"values":[0.9971,-0.0529,0.0539,0,0.0455,0.9906,0.1291,0,-0.0603,-0.1262,0.9902,0,0,6.8761,0.1257,1]},
{"frame":35,"values":[0.9975,-0.0316,0.0633,0,0.0231,0.9911,0.1307,0,-0.0668,-0.129,0.9894,0,0,6.8761,0.1257,1]},
{"frame":36,"values":[0.9975,-0.0052,0.0703,0,-0.0043,0.9909,0.1342,0,-0.0704,-0.1342,0.9885,0,0,6.8761,0.1257,1]},
{"frame":37,"values":[0.9973,0.0219,0.0707,0,-0.0317,0.9896,0.1403,0,-0.0669,-0.1421,0.9876,0,0,6.8761,0.1257,1]},
{"frame":38,"values":[0.9969,0.0442,0.0658,0,-0.0536,0.9876,0.1478,0,-0.0585,-0.1509,0.9868,0,0,6.8761,0.1257,1]},
{"frame":39,"values":[0.9969,0.0584,0.0535,0,-0.066,0.9858,0.1541,0,-0.0438,-0.1572,0.9866,0,0,6.8761,0.1257,1]},
{"frame":40,"values":[0.9973,0.0633,0.038,0,-0.0685,0.9853,0.1567,0,-0.0275,-0.1589,0.9869,0,0,6.8761,0.1257,1]},
{"frame":41,"values":[0.9978,0.0608,0.0249,0,-0.0639,0.9858,0.1552,0,-0.0151,-0.1565,0.9876,0,0,6.8761,0.1257,1]},
{"frame":42,"values":[0.9984,0.0544,0.0149,0,-0.0561,0.9869,0.1511,0,-0.0065,-0.1517,0.9884,0,0,6.8761,0.1257,1]},
{"frame":43,"values":[0.9989,0.0459,0.0056,0,-0.0462,0.9883,0.1457,0,0.0011,-0.1458,0.9893,0,0,6.8761,0.1257,1]},
{"frame":44,"values":[0.9994,0.0356,-0.005,0,-0.0346,0.9897,0.139,0,0.0099,-0.1388,0.9903,0,0,6.8761,0.1257,1]},
{"frame":45,"values":[0.9995,0.0247,-0.0172,0,-0.0223,0.9912,0.1308,0,0.0203,-0.1304,0.9913,0,0,6.8761,0.1257,1]},
{"frame":46,"values":[0.9994,0.0154,-0.0297,0,-0.0117,0.9926,0.1211,0,0.0314,-0.1207,0.9922,0,0,6.8761,0.1257,1]}],"loopBehavior":1,"name":"anim","property":"_matrix"}},
{"name":"mixamorig:Spine1","index":2,"matrix":[1,0,0,0,0,1,0,0,0,0,1,0,0,8.0234,0,1],"rest":[1,0,0,0,0,1,0,0,0,0,1,0,0,8.0234,0,1],"parentBoneIndex":1,"length":9.1696
,"animation":{"dataType":3,"framePerSecond":30,"keys":[
{"frame":1,"values":[1,0,0,0,0,1,0,0,0,0,1,0,0,8.0234,0,1]},
{"frame":2,"values":[1,0,0,0,0,1,0,0,0,0,1,0,0,8.0234,0,1]},
{"frame":11,"values":[0.9997,-0.0092,-0.0232,0,0.0111,0.9966,0.0821,0,0.0224,-0.0824,0.9964,0,0,8.0234,0,1]},
{"frame":12,"values":[0.9994,-0.0168,-0.0302,0,0.019,0.997,0.0751,0,0.0288,-0.0756,0.9967,0,0,8.0234,0,1]},
{"frame":13,"values":[0.9991,-0.0208,-0.036,0,0.0233,0.9972,0.0707,0,0.0344,-0.0715,0.9968,0,0,8.0234,0,1]},
{"frame":14,"values":[0.999,-0.0207,-0.0404,0,0.0233,0.9975,0.0673,0,0.0389,-0.0682,0.9969,0,0,8.0234,0,1]},
{"frame":15,"values":[0.9989,-0.0181,-0.0437,0,0.0208,0.9978,0.0628,0,0.0425,-0.0637,0.9971,0,0,8.0234,0,1]},
{"frame":16,"values":[0.9987,-0.0164,-0.0477,0,0.0191,0.9982,0.0561,0,0.0467,-0.057,0.9973,0,0,8.0234,0,1]},
{"frame":17,"values":[0.9984,-0.0186,-0.0537,0,0.0212,0.9986,0.0486,0,0.0527,-0.0496,0.9974,0,0,8.0234,0,1]},
{"frame":18,"values":[0.9978,-0.0249,-0.0611,0,0.0275,0.9987,0.043,0,0.0599,-0.0446,0.9972,0,0,8.0234,0,1]},
{"frame":19,"values":[0.9972,-0.0334,-0.067,0,0.0363,0.9985,0.0422,0,0.0654,-0.0445,0.9969,0,0,8.0234,0,1]},
{"frame":20,"values":[0.9968,-0.0422,-0.0681,0,0.0454,0.9979,0.0468,0,0.066,-0.0497,0.9966,0,0,8.0234,0,1]},
{"frame":21,"values":[0.9967,-0.0494,-0.064,0,0.053,0.9971,0.0554,0,0.0611,-0.0586,0.9964,0,0,8.0234,0,1]},
{"frame":22,"values":[0.997,-0.0532,-0.0569,0,0.0569,0.9962,0.0654,0,0.0532,-0.0685,0.9962,0,0,8.0234,0,1]},
{"frame":23,"values":[0.9975,-0.0519,-0.0489,0,0.0555,0.9957,0.0747,0,0.0448,-0.0772,0.996,0,0,8.0234,0,1]},
{"frame":24,"values":[0.9982,-0.0457,-0.0399,0,0.0489,0.9954,0.0827,0,0.0359,-0.0845,0.9958,0,0,8.0234,0,1]},
{"frame":25,"values":[0.9989,-0.0367,-0.0285,0,0.0391,0.9952,0.09,0,0.025,-0.091,0.9955,0,0,8.0234,0,1]},
{"frame":26,"values":[0.9995,-0.0271,-0.015,0,0.0284,0.995,0.0962,0,0.0123,-0.0965,0.9953,0,0,8.0234,0,1]},
{"frame":27,"values":[0.9998,-0.0173,-0.0019,0,0.0174,0.9948,0.1,0,0.0002,-0.1001,0.995,0,0,8.0234,0,1]},
{"frame":28,"values":[0.9999,-0.0077,0.0082,0,0.0068,0.9949,0.1007,0,-0.0089,-0.1006,0.9949,0,0,8.0234,0,1]},
{"frame":29,"values":[0.9999,-0.0004,0.0148,0,-0.0011,0.9951,0.0985,0,-0.0147,-0.0985,0.995,0,0,8.0234,0,1]},
{"frame":30,"values":[0.9998,0.0019,0.019,0,-0.0036,0.9955,0.0948,0,-0.0187,-0.0948,0.9953,0,0,8.0234,0,1]},
{"frame":31,"values":[0.9998,-0.0014,0.0222,0,-0.0006,0.9959,0.0909,0,-0.0223,-0.0909,0.9956,0,0,8.0234,0,1]},
{"frame":32,"values":[0.9997,-0.0067,0.0251,0,0.0045,0.9961,0.088,0,-0.0256,-0.0878,0.9958,0,0,8.0234,0,1]},
{"frame":33,"values":[0.9996,-0.0091,0.0285,0,0.0067,0.9962,0.0864,0,-0.0292,-0.0862,0.9959,0,0,8.0234,0,1]},
{"frame":34,"values":[0.9994,-0.006,0.0336,0,0.003,0.9963,0.0861,0,-0.0339,-0.086,0.9957,0,0,8.0234,0,1]},
{"frame":35,"values":[0.9992,0.0016,0.0406,0,-0.0051,0.9961,0.0875,0,-0.0403,-0.0877,0.9953,0,0,8.0234,0,1]},
{"frame":36,"values":[0.9988,0.0102,0.0473,0,-0.0145,0.9957,0.0913,0,-0.0462,-0.0919,0.9947,0,0,8.0234,0,1]},
{"frame":37,"values":[0.9986,0.0175,0.0499,0,-0.0223,0.995,0.0977,0,-0.0479,-0.0987,0.994,0,0,8.0234,0,1]},
{"frame":38,"values":[0.9987,0.0229,0.0463,0,-0.0277,0.9941,0.1051,0,-0.0437,-0.1062,0.9934,0,0,8.0234,0,1]},
{"frame":39,"values":[0.9989,0.0263,0.0387,0,-0.0304,0.9934,0.1106,0,-0.0355,-0.1117,0.9931,0,0,8.0234,0,1]},
{"frame":40,"values":[0.9992,0.0272,0.0306,0,-0.0304,0.9932,0.1124,0,-0.0274,-0.1132,0.9932,0,0,8.0234,0,1]},
{"frame":41,"values":[0.9994,0.0251,0.0239,0,-0.0276,0.9935,0.1106,0,-0.021,-0.1112,0.9936,0,0,8.0234,0,1]},
{"frame":42,"values":[0.9996,0.0206,0.0173,0,-0.0223,0.994,0.1071,0,-0.015,-0.1075,0.9941,0,0,8.0234,0,1]},
{"frame":43,"values":[0.9999,0.0144,0.0089,0,-0.0153,0.9946,0.1029,0,-0.0073,-0.103,0.9947,0,0,8.0234,0,1]},
{"frame":44,"values":[1,0.0071,-0.0015,0,-0.0069,0.9952,0.0976,0,0.0022,-0.0975,0.9952,0,0,8.0234,0,1]},
{"frame":45,"values":[0.9999,-0.0009,-0.0126,0,0.0021,0.9959,0.0906,0,0.0125,-0.0907,0.9958,0,0,8.0234,0,1]},
{"frame":46,"values":[0.9997,-0.0092,-0.0232,0,0.0111,0.9966,0.0821,0,0.0224,-0.0824,0.9964,0,0,8.0234,0,1]}],"loopBehavior":1,"name":"anim","property":"_matrix"}},
{"name":"mixamorig:Spine2","index":3,"matrix":[1,0,0,0,0,1,0,0,0,0,1,0,0,9.1696,0,1],"rest":[1,0,0,0,0,1,0,0,0,0,1,0,0,9.1696,0,1],"parentBoneIndex":2,"length":10.0112
,"animation":{"dataType":3,"framePerSecond":30,"keys":[
{"frame":1,"values":[1,0,0,0,0,1,0,0,0,0,1,0,0,9.1696,0,1]},
{"frame":2,"values":[1,0,0,0,0,1,0,0,0,0,1,0,0,9.1696,0,1]},
{"frame":11,"values":[0.9997,-0.0094,-0.0235,0,0.0113,0.9966,0.082,0,0.0227,-0.0823,0.9964,0,0,9.1696,0,1]},
{"frame":12,"values":[0.9994,-0.017,-0.0304,0,0.0193,0.997,0.0749,0,0.0291,-0.0754,0.9967,0,0,9.1696,0,1]},
{"frame":13,"values":[0.9991,-0.0211,-0.0363,0,0.0236,0.9972,0.0704,0,0.0347,-0.0712,0.9969,0,0,9.1696,0,1]},
{"frame":14,"values":[0.9989,-0.0212,-0.0407,0,0.0239,0.9975,0.067,0,0.0392,-0.0679,0.9969,0,0,9.1696,0,1]},
{"frame":15,"values":[0.9989,-0.0189,-0.0441,0,0.0216,0.9978,0.0624,0,0.0428,-0.0632,0.9971,0,0,9.1696,0,1]},
{"frame":16,"values":[0.9987,-0.0176,-0.0479,0,0.0202,0.9982,0.0556,0,0.0468,-0.0565,0.9973,0,0,9.1696,0,1]},
{"frame":17,"values":[0.9984,-0.0201,-0.0536,0,0.0227,0.9986,0.0481,0,0.0526,-0.0492,0.9974,0,0,9.1696,0,1]},
{"frame":18,"values":[0.9978,-0.0265,-0.0607,0,0.0291,0.9987,0.0427,0,0.0595,-0.0443,0.9972,0,0,9.1696,0,1]},
{"frame":19,"values":[0.9972,-0.035,-0.0663,0,0.0378,0.9984,0.042,0,0.0647,-0.0444,0.9969,0,0,9.1696,0,1]},
{"frame":20,"values":[0.9968,-0.0434,-0.0673,0,0.0466,0.9978,0.0468,0,0.0652,-0.0498,0.9966,0,0,9.1696,0,1]},
{"frame":21,"values":[0.9967,-0.0503,-0.0633,0,0.0538,0.997,0.0556,0,0.0603,-0.0588,0.9964,0,0,9.1696,0,1]},
{"frame":22,"values":[0.997,-0.0538,-0.0562,0,0.0575,0.9962,0.0656,0,0.0525,-0.0687,0.9963,0,0,9.1696,0,1]},
{"frame":23,"values":[0.9975,-0.0524,-0.0483,0,0.0559,0.9956,0.0748,0,0.0442,-0.0773,0.996,0,0,9.1696,0,1]},
{"frame":24,"values":[0.9982,-0.046,-0.0394,0,0.0491,0.9954,0.0828,0,0.0354,-0.0846,0.9958,0,0,9.1696,0,1]},
{"frame":25,"values":[0.9989,-0.0368,-0.0282,0,0.0392,0.9952,0.0901,0,0.0247,-0.0911,0.9955,0,0,9.1696,0,1]},
{"frame":26,"values":[0.9995,-0.027,-0.0147,0,0.0283,0.995,0.0962,0,0.012,-0.0966,0.9952,0,0,9.1696,0,1]},
{"frame":27,"values":[0.9999,-0.0171,-0.0015,0,0.0171,0.9948,0.1001,0,-0.0002,-0.1001,0.995,0,0,9.1696,0,1]},
{"frame":28,"values":[0.9999,-0.0074,0.0088,0,0.0065,0.9949,0.1007,0,-0.0095,-0.1006,0.9949,0,0,9.1696,0,1]},
{"frame":29,"values":[0.9999,-0.0001,0.0156,0,-0.0014,0.9951,0.0985,0,-0.0155,-0.0985,0.995,0,0,9.1696,0,1]},
{"frame":30,"values":[0.9998,0.0021,0.02,0,-0.004,0.9955,0.0947,0,-0.0197,-0.0947,0.9953,0,0,9.1696,0,1]},
{"frame":31,"values":[0.9997,-0.0011,0.0234,0,-0.0011,0.9959,0.0908,0,-0.0234,-0.0908,0.9956,0,0,9.1696,0,1]},
{"frame":32,"values":[0.9996,-0.0063,0.0266,0,0.0039,0.9961,0.0878,0,-0.0271,-0.0876,0.9958,0,0,9.1696,0,1]},
{"frame":33,"values":[0.9995,-0.0085,0.0302,0,0.0059,0.9963,0.0861,0,-0.0308,-0.0859,0.9958,0,0,9.1696,0,1]},
{"frame":34,"values":[0.9994,-0.0052,0.0351,0,0.0022,0.9963,0.0858,0,-0.0355,-0.0856,0.9957,0,0,9.1696,0,1]},
{"frame":35,"values":[0.9991,0.0024,0.0418,0,-0.006,0.9962,0.0871,0,-0.0415,-0.0873,0.9953,0,0,9.1696,0,1]},
{"frame":36,"values":[0.9988,0.011,0.0481,0,-0.0153,0.9957,0.0909,0,-0.0469,-0.0915,0.9947,0,0,9.1696,0,1]},
{"frame":37,"values":[0.9986,0.0181,0.0502,0,-0.0229,0.995,0.0974,0,-0.0482,-0.0984,0.994,0,0,9.1696,0,1]},
{"frame":38,"values":[0.9986,0.0233,0.0465,0,-0.028,0.9941,0.1049,0,-0.0437,-0.106,0.9934,0,0,9.1696,0,1]},
{"frame":39,"values":[0.9989,0.0265,0.0387,0,-0.0307,0.9934,0.1105,0,-0.0355,-0.1116,0.9931,0,0,9.1696,0,1]},
{"frame":40,"values":[0.9992,0.0274,0.0307,0,-0.0307,0.9932,0.1123,0,-0.0274,-0.1131,0.9932,0,0,9.1696,0,1]},
{"frame":41,"values":[0.9994,0.0253,0.0239,0,-0.0278,0.9935,0.1105,0,-0.021,-0.1111,0.9936,0,0,9.1696,0,1]},
{"frame":42,"values":[0.9996,0.0208,0.0173,0,-0.0226,0.994,0.107,0,-0.0149,-0.1074,0.9941,0,0,9.1696,0,1]},
{"frame":43,"values":[0.9999,0.0146,0.0088,0,-0.0155,0.9946,0.1028,0,-0.0072,-0.1029,0.9947,0,0,9.1696,0,1]},
{"frame":44,"values":[1,0.0072,-0.0017,0,-0.007,0.9952,0.0975,0,0.0024,-0.0975,0.9952,0,0,9.1696,0,1]},
{"frame":45,"values":[0.9999,-0.0009,-0.0129,0,0.0021,0.9959,0.0906,0,0.0127,-0.0906,0.9958,0,0,9.1696,0,1]},
{"frame":46,"values":[0.9997,-0.0094,-0.0235,0,0.0113,0.9966,0.082,0,0.0227,-0.0823,0.9964,0,0,9.1696,0,1]}],"loopBehavior":1,"name":"anim","property":"_matrix"}},
{"name":"mixamorig:Neck","index":4,"matrix":[1,0,0,0,0,0.9998,-0.0183,0,0,0.0183,0.9998,0,0,10.3158,0,1],"rest":[1,0,0,0,0,0.9998,-0.0183,0,0,0.0183,0.9998,0,0,10.3158,0,1],"parentBoneIndex":3,"length":8.005
,"animation":{"dataType":3,"framePerSecond":30,"keys":[
{"frame":1,"values":[1,0,0,0,0,0.9998,-0.0183,0,0,0.0183,0.9998,0,0,10.3158,0,1]},
{"frame":2,"values":[1,0,0,0,0,0.9998,-0.0183,0,0,0.0183,0.9998,0,0,10.3158,0,1]},
{"frame":11,"values":[0.9993,-0.0374,0.0044,0,0.0376,0.9944,-0.0989,0,-0.0007,0.099,0.9951,0,0,10.3158,0,1]},
{"frame":12,"values":[0.9989,-0.0464,0.0071,0,0.0469,0.9939,-0.0996,0,-0.0024,0.0999,0.995,0,0,10.3158,0,1]},
{"frame":13,"values":[0.9986,-0.0522,0.0095,0,0.0529,0.9934,-0.1014,0,-0.0041,0.1018,0.9948,0,0,10.3158,0,1]},
{"frame":14,"values":[0.9984,-0.0553,0.0112,0,0.0561,0.9931,-0.1028,0,-0.0054,0.1033,0.9946,0,0,10.3158,0,1]},
{"frame":15,"values":[0.9983,-0.0563,0.0122,0,0.0573,0.9931,-0.1024,0,-0.0063,0.1029,0.9947,0,0,10.3158,0,1]},
{"frame":16,"values":[0.9984,-0.055,0.0126,0,0.056,0.9934,-0.0999,0,-0.007,0.1004,0.9949,0,0,10.3158,0,1]},
{"frame":17,"values":[0.9987,-0.0494,0.013,0,0.0505,0.9941,-0.0963,0,-0.0082,0.0968,0.9953,0,0,10.3158,0,1]},
{"frame":18,"values":[0.9991,-0.0389,0.0138,0,0.04,0.9949,-0.0926,0,-0.0101,0.0931,0.9956,0,0,10.3158,0,1]},
{"frame":19,"values":[0.9996,-0.0257,0.0145,0,0.0269,0.9956,-0.0893,0,-0.0122,0.0896,0.9959,0,0,10.3158,0,1]},
{"frame":20,"values":[0.9998,-0.014,0.0147,0,0.0153,0.9961,-0.0868,0,-0.0135,0.087,0.9961,0,0,10.3158,0,1]},
{"frame":21,"values":[0.9999,-0.0068,0.014,0,0.008,0.9962,-0.0863,0,-0.0134,0.0864,0.9962,0,0,10.3158,0,1]},
{"frame":22,"values":[0.9999,-0.0039,0.0123,0,0.005,0.9961,-0.0881,0,-0.0119,0.0882,0.996,0,0,10.3158,0,1]},
{"frame":23,"values":[0.9999,-0.0028,0.0098,0,0.0037,0.9958,-0.0914,0,-0.0095,0.0914,0.9958,0,0,10.3158,0,1]},
{"frame":24,"values":[1,-0.0008,0.0069,0,0.0014,0.9956,-0.0941,0,-0.0068,0.0941,0.9955,0,0,10.3158,0,1]},
{"frame":25,"values":[1,0.0034,0.0036,0,-0.0031,0.9955,-0.0951,0,-0.0039,0.0951,0.9955,0,0,10.3158,0,1]},
{"frame":26,"values":[1,0.0088,-0.0001,0,-0.0088,0.9954,-0.0956,0,-0.0007,0.0956,0.9954,0,0,10.3158,0,1]},
{"frame":27,"values":[0.9999,0.0132,-0.0045,0,-0.0136,0.9951,-0.0982,0,0.0032,0.0983,0.9952,0,0,10.3158,0,1]},
{"frame":28,"values":[0.9998,0.0158,-0.0094,0,-0.0167,0.9944,-0.1045,0,0.0077,0.1046,0.9945,0,0,10.3158,0,1]},
{"frame":29,"values":[0.9997,0.0178,-0.014,0,-0.0192,0.9934,-0.1128,0,0.0119,0.113,0.9935,0,0,10.3158,0,1]},
{"frame":30,"values":[0.9996,0.021,-0.0172,0,-0.0229,0.9925,-0.1199,0,0.0145,0.1203,0.9926,0,0,10.3158,0,1]},
{"frame":31,"values":[0.9995,0.0249,-0.0186,0,-0.027,0.992,-0.1236,0,0.0154,0.124,0.9922,0,0,10.3158,0,1]},
{"frame":32,"values":[0.9995,0.0269,-0.0193,0,-0.0291,0.9918,-0.1245,0,0.0158,0.125,0.992,0,0,10.3158,0,1]},
{"frame":33,"values":[0.9995,0.025,-0.0205,0,-0.0274,0.9918,-0.1249,0,0.0172,0.1254,0.992,0,0,10.3158,0,1]},
{"frame":34,"values":[0.9996,0.0196,-0.0226,0,-0.0223,0.9918,-0.1261,0,0.02,0.1266,0.9918,0,0,10.3158,0,1]},
{"frame":35,"values":[0.9996,0.0125,-0.025,0,-0.0156,0.9917,-0.1275,0,0.0232,0.1279,0.9915,0,0,10.3158,0,1]},
{"frame":36,"values":[0.9996,0.0051,-0.0264,0,-0.0085,0.9918,-0.1279,0,0.0255,0.128,0.9914,0,0,10.3158,0,1]},
{"frame":37,"values":[0.9997,-0.0018,-0.0263,0,-0.0016,0.9919,-0.1269,0,0.0263,0.1269,0.9916,0,0,10.3158,0,1]},
{"frame":38,"values":[0.9997,-0.0074,-0.0252,0,0.0042,0.992,-0.1261,0,0.026,0.1259,0.9917,0,0,10.3158,0,1]},
{"frame":39,"values":[0.9997,-0.0111,-0.024,0,0.008,0.992,-0.1262,0,0.0252,0.126,0.9917,0,0,10.3158,0,1]},
{"frame":40,"values":[0.9997,-0.0135,-0.0224,0,0.0105,0.9919,-0.1267,0,0.0239,0.1265,0.9917,0,0,10.3158,0,1]},
{"frame":41,"values":[0.9997,-0.016,-0.0196,0,0.0134,0.992,-0.1257,0,0.0215,0.1254,0.9919,0,0,10.3158,0,1]},
{"frame":42,"values":[0.9997,-0.0203,-0.0152,0,0.0183,0.9924,-0.1218,0,0.0176,0.1215,0.9924,0,0,10.3158,0,1]},
{"frame":43,"values":[0.9996,-0.0261,-0.0098,0,0.0248,0.993,-0.1155,0,0.0127,0.1153,0.9933,0,0,10.3158,0,1]},
{"frame":44,"values":[0.9995,-0.0318,-0.0044,0,0.0311,0.9936,-0.1087,0,0.0078,0.1085,0.9941,0,0,10.3158,0,1]},
{"frame":45,"values":[0.9994,-0.0357,0.0004,0,0.0355,0.994,-0.103,0,0.0033,0.1029,0.9947,0,0,10.3158,0,1]},
{"frame":46,"values":[0.9993,-0.0374,0.0044,0,0.0376,0.9944,-0.0989,0,-0.0007,0.099,0.9951,0,0,10.3158,0,1]}],"loopBehavior":1,"name":"anim","property":"_matrix"}},
{"name":"mixamorig:Head","index":5,"matrix":[1,0,0,0,0,1,0,0,0,0,1,0,0,7.6437,-2.3774,1],"rest":[1,0,0,0,0,1,0,0,0,0,1,0,0,7.6438,-2.3774,1],"parentBoneIndex":4,"length":45.8578
,"animation":{"dataType":3,"framePerSecond":30,"keys":[
{"frame":1,"values":[1,0,0,0,0,1,0,0,0,0,1,0,0,7.6437,-2.3774,1]},
{"frame":2,"values":[1,0,0,0,0,1,0,0,0,0,1,0,0,7.6437,-2.3774,1]},
{"frame":11,"values":[0.9965,-0.0714,0.0438,0,0.0779,0.9822,-0.1712,0,-0.0308,0.174,0.9843,0,0,7.6437,-2.3774,1]},
{"frame":12,"values":[0.997,-0.043,0.065,0,0.0539,0.9828,-0.1765,0,-0.0563,0.1794,0.9822,0,0,7.6438,-2.3774,1]},
{"frame":13,"values":[0.9965,-0.0247,0.0796,0,0.0396,0.9808,-0.191,0,-0.0734,0.1935,0.9783,0,0,7.6438,-2.3774,1]},
{"frame":14,"values":[0.996,-0.0159,0.0874,0,0.0338,0.9777,-0.2073,0,-0.0821,0.2094,0.9744,0,0,7.6438,-2.3774,1]},
{"frame":15,"values":[0.9959,-0.0128,0.0899,0,0.0322,0.9756,-0.2172,0,-0.0849,0.2192,0.972,0,0,7.6437,-2.3774,1]},
{"frame":16,"values":[0.9959,-0.0086,0.0896,0,0.0281,0.9754,-0.2185,0,-0.0856,0.2202,0.9717,0,0,7.6437,-2.3774,1]},
{"frame":17,"values":[0.9961,0.0019,0.088,0,0.0171,0.9765,-0.2147,0,-0.0864,0.2154,0.9727,0,0,7.6437,-2.3774,1]},
{"frame":18,"values":[0.9961,0.02,0.0855,0,-0.0017,0.978,-0.2088,0,-0.0878,0.2079,0.9742,0,0,7.6437,-2.3774,1]},
{"frame":19,"values":[0.9957,0.0433,0.082,0,-0.0261,0.9793,-0.2009,0,-0.089,0.1978,0.9762,0,0,7.6438,-2.3774,1]},
{"frame":20,"values":[0.9948,0.0665,0.0774,0,-0.0506,0.9801,-0.1918,0,-0.0886,0.1869,0.9784,0,0,7.6437,-2.3774,1]},
{"frame":21,"values":[0.9941,0.0823,0.0712,0,-0.0679,0.9803,-0.1854,0,-0.085,0.1794,0.9801,0,0,7.6437,-2.3774,1]},
{"frame":22,"values":[0.9944,0.0851,0.0622,0,-0.0724,0.9802,-0.1843,0,-0.0767,0.1788,0.9809,0,0,7.6438,-2.3774,1]},
{"frame":23,"values":[0.9959,0.075,0.0496,0,-0.0645,0.9803,-0.1867,0,-0.0626,0.1827,0.9812,0,0,7.6437,-2.3774,1]},
{"frame":24,"values":[0.9977,0.0584,0.0334,0,-0.0511,0.9807,-0.1888,0,-0.0438,0.1867,0.9814,0,0,7.6437,-2.3774,1]},
{"frame":25,"values":[0.999,0.0429,0.0144,0,-0.0394,0.9811,-0.1895,0,-0.0223,0.1887,0.9818,0,0,7.6438,-2.3774,1]},
{"frame":26,"values":[0.9995,0.0308,-0.0066,0,-0.0315,0.9814,-0.1895,0,0.0007,0.1896,0.9819,0,0,7.6438,-2.3774,1]},
{"frame":27,"values":[0.9994,0.019,-0.0298,0,-0.0243,0.9815,-0.1897,0,0.0257,0.1903,0.9814,0,0,7.6438,-2.3774,1]},
{"frame":28,"values":[0.9985,0.0047,-0.0543,0,-0.0149,0.9816,-0.1905,0,0.0524,0.191,0.9802,0,0,7.6438,-2.3774,1]},
{"frame":29,"values":[0.997,-0.01,-0.0767,0,-0.005,0.981,-0.1938,0,0.0772,0.1936,0.978,0,0,7.6437,-2.3774,1]},
{"frame":30,"values":[0.9956,-0.0202,-0.092,0,0.0012,0.9794,-0.2018,0,0.0942,0.2007,0.9751,0,0,7.6438,-2.3774,1]},
{"frame":31,"values":[0.9949,-0.0238,-0.0982,0,0.0023,0.9768,-0.214,0,0.101,0.2127,0.9719,0,0,7.6437,-2.3774,1]},
{"frame":32,"values":[0.9948,-0.0255,-0.0986,0,0.0024,0.9737,-0.2277,0,0.1018,0.2262,0.9687,0,0,7.6438,-2.3774,1]},
{"frame":33,"values":[0.9945,-0.0328,-0.0996,0,0.008,0.9708,-0.2398,0,0.1045,0.2377,0.9657,0,0,7.6437,-2.3774,1]},
{"frame":34,"values":[0.9933,-0.0496,-0.1046,0,0.0222,0.9684,-0.2484,0,0.1136,0.2444,0.963,0,0,7.6438,-2.3774,1]},
{"frame":35,"values":[0.991,-0.0735,-0.1114,0,0.0435,0.967,-0.2512,0,0.1262,0.2441,0.9615,0,0,7.6437,-2.3774,1]},
{"frame":36,"values":[0.9885,-0.0989,-0.1148,0,0.068,0.9665,-0.2473,0,0.1354,0.2366,0.9621,0,0,7.6437,-2.3774,1]},
{"frame":37,"values":[0.9862,-0.1219,-0.1123,0,0.0922,0.9665,-0.2395,0,0.1378,0.2258,0.9644,0,0,7.6437,-2.3774,1]},
{"frame":38,"values":[0.9843,-0.1409,-0.1065,0,0.1129,0.9657,-0.2339,0,0.1358,0.2182,0.9664,0,0,7.6437,-2.3774,1]},
{"frame":39,"values":[0.9829,-0.1544,-0.1003,0,0.1275,0.9638,-0.2341,0,0.1328,0.2173,0.967,0,0,7.6437,-2.3774,1]},
{"frame":40,"values":[0.9828,-0.1598,-0.0924,0,0.1343,0.9625,-0.2358,0,0.1266,0.2193,0.9674,0,0,7.6437,-2.3774,1]},
{"frame":41,"values":[0.9847,-0.1558,-0.0786,0,0.134,0.9637,-0.2311,0,0.1117,0.217,0.9697,0,0,7.6438,-2.3774,1]},
{"frame":42,"values":[0.988,-0.1436,-0.0562,0,0.1283,0.9676,-0.2177,0,0.0856,0.2079,0.9744,0,0,7.6438,-2.3774,1]},
{"frame":43,"values":[0.9916,-0.1266,-0.0278,0,0.1185,0.9724,-0.2008,0,0.0525,0.1958,0.9792,0,0,7.6437,-2.3774,1]},
{"frame":44,"values":[0.9942,-0.1076,0.0004,0,0.1058,0.9767,-0.187,0,0.0197,0.1859,0.9824,0,0,7.6438,-2.3774,1]},
{"frame":45,"values":[0.9958,-0.0887,0.0245,0,0.0917,0.9798,-0.1779,0,-0.0082,0.1794,0.9837,0,0,7.6438,-2.3774,1]},
{"frame":46,"values":[0.9965,-0.0714,0.0438,0,0.0779,0.9822,-0.1712,0,-0.0308,0.174,0.9843,0,0,7.6437,-2.3775,1]}],"loopBehavior":1,"name":"anim","property":"_matrix"}},
{"name":"mixamorig:HeadTop_End","index":6,"matrix":[1,0,0,0,0,1,0,0,0,0,1,0,0,43.7886,-13.6196,1],"rest":[1,0,0,0,0,1,0,0,0,0,1,0,0,43.7886,-13.6196,1],"parentBoneIndex":5,"length":45.8578
,"animation":{"dataType":3,"framePerSecond":30,"keys":[
{"frame":1,"values":[1,0,0,0,0,1,0,0,0,0,1,0,0,43.7886,-13.6196,1]},
{"frame":2,"values":[1,0,0,0,0,1,0,0,0,0,1,0,0,43.7886,-13.6196,1]},
{"frame":11,"values":[1,0,0,0,0,1,0,0,0,0,1,0,0,43.7886,-13.6196,1]},
{"frame":44,"values":[1,0,0,0,0,1,0,0,0,0,1,0,0,43.7886,-13.6197,1]},
{"frame":45,"values":[1,0,0,0,0,1,0,0,0,0,1,0,0,43.7886,-13.6196,1]},
{"frame":46,"values":[1,0,0,0,0,1,0,0,0,0,1,0,0,43.7886,-13.6196,1]}],"loopBehavior":1,"name":"anim","property":"_matrix"}},
{"name":"mixamorig:LeftShoulder","index":7,"matrix":[0.0031,0,-1,0,0.9468,-0.3218,0.003,0,-0.3218,-0.9468,-0.001,0,4.3922,8.8267,0.0137,1],"rest":[0.0031,0,-1,0,0.9472,-0.3207,0.0029,0,-0.3207,-0.9472,-0.001,0,4.3922,8.8267,0.0137,1],"parentBoneIndex":3,"length":9.2642
,"animation":{"dataType":3,"framePerSecond":30,"keys":[
{"frame":1,"values":[0.0031,0,-1,0,0.9468,-0.3218,0.003,0,-0.3218,-0.9468,-0.001,0,4.3922,8.8267,0.0137,1]},
{"frame":2,"values":[0.0031,0,-1,0,0.9468,-0.3218,0.003,0,-0.3218,-0.9468,-0.001,0,4.3922,8.8267,0.0137,1]},
{"frame":11,"values":[0.0134,0.0441,-0.9989,0,0.8858,-0.4639,-0.0086,0,-0.4638,-0.8848,-0.0453,0,4.3922,8.8267,0.0137,1]},
{"frame":12,"values":[0.0063,0.045,-0.999,0,0.8812,-0.4725,-0.0157,0,-0.4727,-0.8802,-0.0426,0,4.3922,8.8267,0.0137,1]},
{"frame":13,"values":[0.0027,0.0455,-0.999,0,0.8781,-0.478,-0.0194,0,-0.4784,-0.8772,-0.0413,0,4.3922,8.8267,0.0137,1]},
{"frame":14,"values":[0.002,0.0458,-0.999,0,0.8766,-0.4809,-0.0203,0,-0.4813,-0.8756,-0.0411,0,4.3922,8.8267,0.0137,1]},
{"frame":15,"values":[0.0019,0.0458,-0.9989,0,0.8759,-0.4821,-0.0204,0,-0.4826,-0.8749,-0.0411,0,4.3922,8.8267,0.0137,1]},
{"frame":16,"values":[0,0.046,-0.9989,0,0.8754,-0.483,-0.0223,0,-0.4835,-0.8744,-0.0403,0,4.3922,8.8267,0.0137,1]},
{"frame":17,"values":[-0.005,0.0465,-0.9989,0,0.8749,-0.4836,-0.0268,0,-0.4843,-0.874,-0.0382,0,4.3922,8.8267,0.0137,1]},
{"frame":18,"values":[-0.0114,0.047,-0.9988,0,0.875,-0.4829,-0.0327,0,-0.4839,-0.8744,-0.0356,0,4.3922,8.8267,0.0137,1]},
{"frame":19,"values":[-0.016,0.0471,-0.9988,0,0.8771,-0.4789,-0.0366,0,-0.48,-0.8766,-0.0337,0,4.3922,8.8267,0.0137,1]},
{"frame":20,"values":[-0.0161,0.0466,-0.9988,0,0.8817,-0.4705,-0.0361,0,-0.4716,-0.8812,-0.0335,0,4.3922,8.8267,0.0137,1]},
{"frame":21,"values":[-0.012,0.0457,-0.9989,0,0.8871,-0.4605,-0.0317,0,-0.4614,-0.8865,-0.035,0,4.3922,8.8267,0.0137,1]},
{"frame":22,"values":[-0.0074,0.0451,-0.999,0,0.8902,-0.4547,-0.0271,0,-0.4555,-0.8895,-0.0368,0,4.3922,8.8267,0.0137,1]},
{"frame":23,"values":[-0.0053,0.0451,-0.999,0,0.8895,-0.4562,-0.0253,0,-0.4569,-0.8887,-0.0377,0,4.3922,8.8267,0.0137,1]},
{"frame":24,"values":[-0.0047,0.0452,-0.999,0,0.8876,-0.4599,-0.025,0,-0.4606,-0.8868,-0.038,0,4.3922,8.8267,0.0137,1]},
{"frame":25,"values":[-0.0021,0.0448,-0.999,0,0.8899,-0.4556,-0.0223,0,-0.4561,-0.8891,-0.0389,0,4.3922,8.8267,0.0137,1]},
{"frame":26,"values":[0.003,0.0435,-0.999,0,0.8989,-0.4379,-0.0164,0,-0.4382,-0.898,-0.0404,0,4.3922,8.8267,0.0137,1]},
{"frame":27,"values":[0.0067,0.0422,-0.9991,0,0.9107,-0.4129,-0.0113,0,-0.413,-0.9098,-0.0412,0,4.3922,8.8267,0.0137,1]},
{"frame":28,"values":[0.0054,0.0414,-0.9991,0,0.9201,-0.3916,-0.0112,0,-0.3917,-0.9192,-0.0402,0,4.3922,8.8267,0.0137,1]},
{"frame":29,"values":[0.0008,0.0409,-0.9992,0,0.925,-0.3797,-0.0148,0,-0.38,-0.9242,-0.0382,0,4.3922,8.8267,0.0137,1]},
{"frame":30,"values":[-0.0009,0.0406,-0.9992,0,0.9275,-0.3735,-0.016,0,-0.3739,-0.9267,-0.0373,0,4.3922,8.8267,0.0137,1]},
{"frame":31,"values":[0.004,0.0402,-0.9992,0,0.9301,-0.3671,-0.0111,0,-0.3672,-0.9293,-0.0388,0,4.3922,8.8267,0.0137,1]},
{"frame":32,"values":[0.013,0.0397,-0.9991,0,0.9332,-0.3594,-0.0022,0,-0.3592,-0.9323,-0.0417,0,4.3922,8.8267,0.0137,1]},
{"frame":33,"values":[0.0201,0.0394,-0.999,0,0.9352,-0.3542,0.0049,0,-0.3536,-0.9343,-0.044,0,4.3922,8.8267,0.0137,1]},
{"frame":34,"values":[0.0217,0.0394,-0.999,0,0.935,-0.3545,0.0063,0,-0.3539,-0.9342,-0.0445,0,4.3922,8.8267,0.0137,1]},
{"frame":35,"values":[0.0186,0.0396,-0.999,0,0.933,-0.3599,0.0031,0,-0.3595,-0.9321,-0.0436,0,4.3922,8.8267,0.0137,1]},
{"frame":36,"values":[0.0147,0.04,-0.9991,0,0.93,-0.3675,-0.001,0,-0.3672,-0.9292,-0.0426,0,4.3922,8.8267,0.0137,1]},
{"frame":37,"values":[0.0125,0.0403,-0.9991,0,0.9269,-0.3752,-0.0036,0,-0.375,-0.9261,-0.0421,0,4.3922,8.8267,0.0137,1]},
{"frame":38,"values":[0.0108,0.0407,-0.9991,0,0.9237,-0.3831,-0.0056,0,-0.383,-0.9228,-0.0417,0,4.3922,8.8267,0.0137,1]},
{"frame":39,"values":[0.0075,0.0412,-0.9991,0,0.9196,-0.3927,-0.0092,0,-0.3927,-0.9188,-0.0408,0,4.3922,8.8267,0.0137,1]},
{"frame":40,"values":[0.0039,0.0419,-0.9991,0,0.9142,-0.405,-0.0134,0,-0.4052,-0.9134,-0.0399,0,4.3922,8.8267,0.0137,1]},
{"frame":41,"values":[0.0037,0.0426,-0.9991,0,0.9077,-0.4194,-0.0145,0,-0.4196,-0.9068,-0.0402,0,4.3922,8.8267,0.0137,1]},
{"frame":42,"values":[0.0088,0.043,-0.999,0,0.9012,-0.4332,-0.0107,0,-0.4332,-0.9003,-0.0426,0,4.3922,8.8267,0.0137,1]},
{"frame":43,"values":[0.016,0.0431,-0.9989,0,0.8959,-0.4443,-0.0049,0,-0.444,-0.8949,-0.0457,0,4.3922,8.8267,0.0137,1]},
{"frame":44,"values":[0.02,0.0431,-0.9989,0,0.8919,-0.4522,-0.0016,0,-0.4517,-0.8909,-0.0475,0,4.3922,8.8267,0.0137,1]},
{"frame":45,"values":[0.0188,0.0435,-0.9989,0,0.8888,-0.4582,-0.0032,0,-0.4578,-0.8878,-0.0472,0,4.3922,8.8267,0.0137,1]},
{"frame":46,"values":[0.0134,0.0441,-0.9989,0,0.8858,-0.4639,-0.0086,0,-0.4638,-0.8848,-0.0453,0,4.3922,8.8267,0.0137,1]}],"loopBehavior":1,"name":"anim","property":"_matrix"}},
{"name":"mixamorig:LeftArm","index":8,"matrix":[0.9997,-0.0102,-0.0201,0,0.0031,0.9468,-0.3218,0,0.0223,0.3217,0.9466,0,0,9.2642,0,1],"rest":[0.9968,-0.0796,0,0,0.0775,0.9705,-0.2282,0,0.0182,0.2275,0.9736,0,0,9.2642,0,1],"parentBoneIndex":7,"length":8.5128
,"animation":{"dataType":3,"framePerSecond":30,"keys":[
{"frame":1,"values":[0.9997,-0.0102,-0.0201,0,0.0031,0.9468,-0.3218,0,0.0223,0.3217,0.9466,0,0,9.2642,0,1]},
{"frame":2,"values":[0.9997,-0.0102,-0.0201,0,0.0031,0.9468,-0.3218,0,0.0223,0.3217,0.9466,0,0,9.2642,0,1]},
{"frame":11,"values":[0.9458,-0.053,0.3204,0,-0.2395,0.5527,0.7982,0,-0.2194,-0.8317,0.51,0,0,9.2642,0,1]},
{"frame":12,"values":[0.9549,-0.0811,0.2857,0,-0.1907,0.5698,0.7993,0,-0.2276,-0.8177,0.5287,0,0,9.2642,0,1]},
{"frame":13,"values":[0.9634,-0.1101,0.2443,0,-0.1365,0.583,0.8009,0,-0.2306,-0.805,0.5467,0,0,9.2642,0,1]},
{"frame":14,"values":[0.969,-0.1429,0.2015,0,-0.08,0.5902,0.8033,0,-0.2337,-0.7945,0.5605,0,0,9.2642,0,1]},
{"frame":15,"values":[0.9698,-0.1788,0.1658,0,-0.0287,0.5915,0.8058,0,-0.2421,-0.7863,0.5685,0,0,9.2642,0,1]},
{"frame":16,"values":[0.9658,-0.2143,0.1458,0,0.0091,0.5902,0.8072,0,-0.2591,-0.7783,0.572,0,0,9.2642,0,1]},
{"frame":17,"values":[0.9577,-0.2484,0.1456,0,0.0305,0.5903,0.8066,0,-0.2863,-0.768,0.5729,0,0,9.2642,0,1]},
{"frame":18,"values":[0.9453,-0.2832,0.1622,0,0.0388,0.5909,0.8058,0,-0.324,-0.7554,0.5696,0,0,9.2642,0,1]},
{"frame":19,"values":[0.9292,-0.3177,0.1886,0,0.037,0.5879,0.8081,0,-0.3676,-0.7439,0.558,0,0,9.2642,0,1]},
{"frame":20,"values":[0.913,-0.3433,0.2204,0,0.0216,0.5802,0.8142,0,-0.4073,-0.7386,0.5371,0,0,9.2642,0,1]},
{"frame":21,"values":[0.9019,-0.3463,0.258,0,-0.0145,0.5729,0.8195,0,-0.4316,-0.7429,0.5117,0,0,9.2642,0,1]},
{"frame":22,"values":[0.8979,-0.3189,0.3034,0,-0.0735,0.571,0.8176,0,-0.434,-0.7565,0.4893,0,0,9.2642,0,1]},
{"frame":23,"values":[0.8966,-0.2641,0.3554,0,-0.1508,0.5725,0.8059,0,-0.4163,-0.7762,0.4735,0,0,9.2642,0,1]},
{"frame":24,"values":[0.8926,-0.1956,0.4062,0,-0.2338,0.5697,0.7879,0,-0.3856,-0.7982,0.4628,0,0,9.2642,0,1]},
{"frame":25,"values":[0.8869,-0.128,0.4439,0,-0.3054,0.5585,0.7713,0,-0.3467,-0.8196,0.4562,0,0,9.2642,0,1]},
{"frame":26,"values":[0.8853,-0.0658,0.4603,0,-0.3555,0.5423,0.7613,0,-0.2997,-0.8376,0.4566,0,0,9.2642,0,1]},
{"frame":27,"values":[0.8902,-0.0026,0.4556,0,-0.385,0.5304,0.7552,0,-0.2436,-0.8477,0.4712,0,0,9.2642,0,1]},
{"frame":28,"values":[0.8977,0.0677,0.4354,0,-0.4011,0.5343,0.744,0,-0.1823,-0.8426,0.5068,0,0,9.2642,0,1]},
{"frame":29,"values":[0.9029,0.1401,0.4064,0,-0.4109,0.5593,0.72,0,-0.1264,-0.8171,0.5625,0,0,9.2642,0,1]},
{"frame":30,"values":[0.9038,0.2021,0.3771,0,-0.4187,0.5993,0.6823,0,-0.0881,-0.7746,0.6263,0,0,9.2642,0,1]},
{"frame":31,"values":[0.9005,0.2454,0.359,0,-0.4286,0.6408,0.6369,0,-0.0737,-0.7274,0.6822,0,0,9.2642,0,1]},
{"frame":32,"values":[0.8929,0.2696,0.3606,0,-0.4428,0.6711,0.5946,0,-0.0817,-0.6906,0.7186,0,0,9.2642,0,1]},
{"frame":33,"values":[0.8831,0.2757,0.3797,0,-0.4575,0.6856,0.5663,0,-0.1042,-0.6738,0.7315,0,0,9.2642,0,1]},
{"frame":34,"values":[0.8761,0.2625,0.4044,0,-0.4641,0.6868,0.5594,0,-0.1309,-0.6778,0.7235,0,0,9.2642,0,1]},
{"frame":35,"values":[0.8755,0.2326,0.4235,0,-0.4579,0.6791,0.5737,0,-0.1541,-0.6962,0.7011,0,0,9.2642,0,1]},
{"frame":36,"values":[0.8804,0.1943,0.4326,0,-0.4425,0.6645,0.6021,0,-0.1705,-0.7216,0.671,0,0,9.2642,0,1]},
{"frame":37,"values":[0.8868,0.1564,0.4349,0,-0.4253,0.6442,0.6357,0,-0.1807,-0.7487,0.6378,0,0,9.2642,0,1]},
{"frame":38,"values":[0.8922,0.1232,0.4345,0,-0.411,0.6204,0.668,0,-0.1872,-0.7745,0.6042,0,0,9.2642,0,1]},
{"frame":39,"values":[0.8963,0.0981,0.4325,0,-0.4007,0.5968,0.6952,0,-0.1899,-0.7964,0.5742,0,0,9.2642,0,1]},
{"frame":40,"values":[0.8999,0.0842,0.4279,0,-0.3943,0.5763,0.7158,0,-0.1863,-0.8129,0.5518,0,0,9.2642,0,1]},
{"frame":41,"values":[0.9036,0.0801,0.4208,0,-0.39,0.5603,0.7308,0,-0.1772,-0.8244,0.5375,0,0,9.2642,0,1]},
{"frame":42,"values":[0.9083,0.0753,0.4115,0,-0.3823,0.5488,0.7434,0,-0.1699,-0.8325,0.5273,0,0,9.2642,0,1]},
{"frame":43,"values":[0.9154,0.0582,0.3984,0,-0.364,0.5425,0.7571,0,-0.1721,-0.838,0.5178,0,0,9.2642,0,1]},
{"frame":44,"values":[0.9251,0.0265,0.3789,0,-0.3318,0.5422,0.772,0,-0.185,-0.8398,0.5104,0,0,9.2642,0,1]},
{"frame":45,"values":[0.9358,-0.0131,0.3524,0,-0.2884,0.5465,0.7862,0,-0.2029,-0.8374,0.5076,0,0,9.2642,0,1]},
{"frame":46,"values":[0.9458,-0.053,0.3204,0,-0.2395,0.5527,0.7982,0,-0.2194,-0.8317,0.51,0,0,9.2642,0,1]}],"loopBehavior":1,"name":"anim","property":"_matrix"}},
{"name":"mixamorig:LeftForeArm","index":9,"matrix":[1,0,0.0061,0,0,1,0,0,-0.0061,0,1,0,0,8.5129,0,1],"rest":[0.9967,0.0813,0,0,-0.0804,0.9856,-0.1487,0,-0.0121,0.1482,0.9889,0,0,8.5129,0,1],"parentBoneIndex":8,"length":18.4847
,"animation":{"dataType":3,"framePerSecond":30,"keys":[
{"frame":1,"values":[1,0,0.0061,0,0,1,0,0,-0.0061,0,1,0,0,8.5129,0,1]},
{"frame":2,"values":[1,0,0.0061,0,0,1,0,0,-0.0061,0,1,0,0,8.5129,0,1]},
{"frame":11,"values":[0.93,0.3647,-0.0448,0,-0.3672,0.9176,-0.1522,0,-0.0144,0.158,0.9873,0,0,8.5129,0,1]},
{"frame":12,"values":[0.9224,0.3833,-0.0479,0,-0.386,0.9099,-0.1519,0,-0.0146,0.1586,0.9872,0,0,8.5129,0,1]},
{"frame":13,"values":[0.9102,0.4109,-0.0525,0,-0.4139,0.8976,-0.1514,0,-0.0151,0.1596,0.9871,0,0,8.5128,0,1]},
{"frame":14,"values":[0.8974,0.4376,-0.0571,0,-0.441,0.8847,-0.1508,0,-0.0155,0.1605,0.9869,0,0,8.5128,0,1]},
{"frame":15,"values":[0.8903,0.4515,-0.0594,0,-0.4552,0.8776,-0.1504,0,-0.0158,0.161,0.9868,0,0,8.5129,0,1]},
{"frame":16,"values":[0.8932,0.4459,-0.0585,0,-0.4494,0.8805,-0.1506,0,-0.0157,0.1608,0.9869,0,0,8.5129,0,1]},
{"frame":17,"values":[0.9041,0.4239,-0.0547,0,-0.4272,0.8915,-0.1512,0,-0.0153,0.16,0.987,0,0,8.5129,0,1]},
{"frame":18,"values":[0.9168,0.3961,-0.0501,0,-0.399,0.9043,-0.1517,0,-0.0148,0.1591,0.9872,0,0,8.5129,0,1]},
{"frame":19,"values":[0.9274,0.3713,-0.0459,0,-0.3739,0.9149,-0.1521,0,-0.0145,0.1582,0.9873,0,0,8.5129,0,1]},
{"frame":20,"values":[0.9359,0.3496,-0.0423,0,-0.3519,0.9236,-0.1523,0,-0.0142,0.1575,0.9874,0,0,8.5129,0,1]},
{"frame":21,"values":[0.9451,0.3246,-0.0382,0,-0.3265,0.9328,-0.1525,0,-0.0139,0.1566,0.9876,0,0,8.5129,0,1]},
{"frame":22,"values":[0.9557,0.2924,-0.033,0,-0.294,0.9436,-0.1526,0,-0.0135,0.1555,0.9877,0,0,8.5129,0,1]},
{"frame":23,"values":[0.9654,0.2594,-0.0277,0,-0.2605,0.9534,-0.1524,0,-0.0132,0.1544,0.9879,0,0,8.5129,0,1]},
